/*
 * H26L/H264/AVC/JVT/14496-10/... encoder/decoder
 * Copyright (c) 2003 Michael Niedermayer <michaelni@gmx.at>
 *
 * This library is free software; you can redistribute it and/or
 * modify it under the terms of the GNU Lesser General Public
 * License as published by the Free Software Foundation; either
 * version 2 of the License, or (at your option) any later version.
 *
 * This library is distributed in the hope that it will be useful,
 * but WITHOUT ANY WARRANTY; without even the implied warranty of
 * MERCHANTABILITY or FITNESS FOR A PARTICULAR PURPOSE.  See the GNU
 * Lesser General Public License for more details.
 *
 * You should have received a copy of the GNU Lesser General Public
 * License along with this library; if not, write to the Free Software
 * Foundation, Inc., 59 Temple Place, Suite 330, Boston, MA  02111-1307  USA
 *
 */

/**
 * @file h264data.h
 * @brief 
 *     H264 / AVC / MPEG4 part10 codec data table
 * @author Michael Niedermayer <michaelni@gmx.at>
 */

#define VERT_PRED             0
#define HOR_PRED              1
#define DC_PRED               2
#define DIAG_DOWN_LEFT_PRED   3
#define DIAG_DOWN_RIGHT_PRED  4
#define VERT_RIGHT_PRED       5
#define HOR_DOWN_PRED         6
#define VERT_LEFT_PRED        7
#define HOR_UP_PRED           8

#define LEFT_DC_PRED          9
#define TOP_DC_PRED           10
#define DC_128_PRED           11


#define DC_PRED8x8            0
#define HOR_PRED8x8           1
#define VERT_PRED8x8          2
#define PLANE_PRED8x8         3

#define LEFT_DC_PRED8x8       4
#define TOP_DC_PRED8x8        5
#define DC_128_PRED8x8        6

#define EXTENDED_SAR          255

static const AVRational pixel_aspect[14]={
 {0, 1},
 {1, 1},
 {12, 11},
 {10, 11},
 {16, 11},
 {40, 33},
 {24, 11},
 {20, 11},
 {32, 11},
 {80, 33},
 {18, 11},
 {15, 11},
 {64, 33},
 {160,99},
};

static const uint8_t golomb_to_pict_type[5]=
{P_TYPE, B_TYPE, I_TYPE, SP_TYPE, SI_TYPE};

static const uint8_t pict_type_to_golomb[7]=
{-1, 2, 0, 1, -1, 4, 3};

static const uint8_t chroma_qp[52]={
    0, 1, 2, 3, 4, 5, 6, 7, 8, 9,10,11,
   12,13,14,15,16,17,18,19,20,21,22,23,24,25,26,27,
   28,29,29,30,31,32,32,33,34,34,35,35,36,36,37,37,
   37,38,38,38,39,39,39,39

};

static const uint8_t golomb_to_intra4x4_cbp[48]={
 47, 31, 15,  0, 23, 27, 29, 30,  7, 11, 13, 14, 39, 43, 45, 46,
 16,  3,  5, 10, 12, 19, 21, 26, 28, 35, 37, 42, 44,  1,  2,  4,
  8, 17, 18, 20, 24,  6,  9, 22, 25, 32, 33, 34, 36, 40, 38, 41
};
 
static const uint8_t golomb_to_inter_cbp[48]={
  0, 16,  1,  2,  4,  8, 32,  3,  5, 10, 12, 15, 47,  7, 11, 13,
 14,  6,  9, 31, 35, 37, 42, 44, 33, 34, 36, 40, 39, 43, 45, 46,
 17, 18, 20, 24, 19, 21, 26, 28, 23, 27, 29, 30, 22, 25, 38, 41
};

static const uint8_t intra4x4_cbp_to_golomb[48]={
  3, 29, 30, 17, 31, 18, 37,  8, 32, 38, 19,  9, 20, 10, 11,  2,
 16, 33, 34, 21, 35, 22, 39,  4, 36, 40, 23,  5, 24,  6,  7,  1,
 41, 42, 43, 25, 44, 26, 46, 12, 45, 47, 27, 13, 28, 14, 15,  0
};
 
static const uint8_t inter_cbp_to_golomb[48]={
  0,  2,  3,  7,  4,  8, 17, 13,  5, 18,  9, 14, 10, 15, 16, 11,
  1, 32, 33, 36, 34, 37, 44, 40, 35, 45, 38, 41, 39, 42, 43, 19,
  6, 24, 25, 20, 26, 21, 46, 28, 27, 47, 22, 29, 23, 30, 31, 12
};

static const uint8_t chroma_dc_coeff_token_len[4*5]={
 2, 0, 0, 0,
 6, 1, 0, 0,
 6, 6, 3, 0,
 6, 7, 7, 6,
 6, 8, 8, 7,
};

static const uint8_t chroma_dc_coeff_token_bits[4*5]={
 1, 0, 0, 0,
 7, 1, 0, 0,
 4, 6, 1, 0,
 3, 3, 2, 5,
 2, 3, 2, 0,
};

static const uint8_t coeff_token_len[4][4*17]={
{
     1, 0, 0, 0,
     6, 2, 0, 0,     8, 6, 3, 0,     9, 8, 7, 5,    10, 9, 8, 6,
    11,10, 9, 7,    13,11,10, 8,    13,13,11, 9,    13,13,13,10,
    14,14,13,11,    14,14,14,13,    15,15,14,14,    15,15,15,14,
    16,15,15,15,    16,16,16,15,    16,16,16,16,    16,16,16,16,
},
{
     2, 0, 0, 0,
     6, 2, 0, 0,     6, 5, 3, 0,     7, 6, 6, 4,     8, 6, 6, 4,
     8, 7, 7, 5,     9, 8, 8, 6,    11, 9, 9, 6,    11,11,11, 7,
    12,11,11, 9,    12,12,12,11,    12,12,12,11,    13,13,13,12,
    13,13,13,13,    13,14,13,13,    14,14,14,13,    14,14,14,14,
},
{
     4, 0, 0, 0,
     6, 4, 0, 0,     6, 5, 4, 0,     6, 5, 5, 4,     7, 5, 5, 4,
     7, 5, 5, 4,     7, 6, 6, 4,     7, 6, 6, 4,     8, 7, 7, 5,
     8, 8, 7, 6,     9, 8, 8, 7,     9, 9, 8, 8,     9, 9, 9, 8,
    10, 9, 9, 9,    10,10,10,10,    10,10,10,10,    10,10,10,10,
},
{
     6, 0, 0, 0,
     6, 6, 0, 0,     6, 6, 6, 0,     6, 6, 6, 6,     6, 6, 6, 6,
     6, 6, 6, 6,     6, 6, 6, 6,     6, 6, 6, 6,     6, 6, 6, 6,
     6, 6, 6, 6,     6, 6, 6, 6,     6, 6, 6, 6,     6, 6, 6, 6,
     6, 6, 6, 6,     6, 6, 6, 6,     6, 6, 6, 6,     6, 6, 6, 6,
}
};

static const uint8_t coeff_token_bits[4][4*17]={
{
     1, 0, 0, 0,
     5, 1, 0, 0,     7, 4, 1, 0,     7, 6, 5, 3,     7, 6, 5, 3,
     7, 6, 5, 4,    15, 6, 5, 4,    11,14, 5, 4,     8,10,13, 4,
    15,14, 9, 4,    11,10,13,12,    15,14, 9,12,    11,10,13, 8,
    15, 1, 9,12,    11,14,13, 8,     7,10, 9,12,     4, 6, 5, 8,
},
{
     3, 0, 0, 0,
    11, 2, 0, 0,     7, 7, 3, 0,     7,10, 9, 5,     7, 6, 5, 4,
     4, 6, 5, 6,     7, 6, 5, 8,    15, 6, 5, 4,    11,14,13, 4,
    15,10, 9, 4,    11,14,13,12,     8,10, 9, 8,    15,14,13,12,
    11,10, 9,12,     7,11, 6, 8,     9, 8,10, 1,     7, 6, 5, 4,
},
{
    15, 0, 0, 0,
    15,14, 0, 0,    11,15,13, 0,     8,12,14,12,    15,10,11,11,
    11, 8, 9,10,     9,14,13, 9,     8,10, 9, 8,    15,14,13,13,
    11,14,10,12,    15,10,13,12,    11,14, 9,12,     8,10,13, 8,
    13, 7, 9,12,     9,12,11,10,     5, 8, 7, 6,     1, 4, 3, 2,
},
{
     3, 0, 0, 0,
     0, 1, 0, 0,     4, 5, 6, 0,     8, 9,10,11,    12,13,14,15,
    16,17,18,19,    20,21,22,23,    24,25,26,27,    28,29,30,31,
    32,33,34,35,    36,37,38,39,    40,41,42,43,    44,45,46,47,
    48,49,50,51,    52,53,54,55,    56,57,58,59,    60,61,62,63,
}
};

static const uint8_t total_zeros_len[16][16]= {
    {1,3,3,4,4,5,5,6,6,7,7,8,8,9,9,9},  
    {3,3,3,3,3,4,4,4,4,5,5,6,6,6,6},  
    {4,3,3,3,4,4,3,3,4,5,5,6,5,6},  
    {5,3,4,4,3,3,3,4,3,4,5,5,5},  
    {4,4,4,3,3,3,3,3,4,5,4,5},  
    {6,5,3,3,3,3,3,3,4,3,6},  
    {6,5,3,3,3,2,3,4,3,6},  
    {6,4,5,3,2,2,3,3,6},  
    {6,6,4,2,2,3,2,5},  
    {5,5,3,2,2,2,4},  
    {4,4,3,3,1,3},  
    {4,4,2,1,3},  
    {3,3,1,2},  
    {2,2,1},  
    {1,1},  
};

static const uint8_t total_zeros_bits[16][16]= {
    {1,3,2,3,2,3,2,3,2,3,2,3,2,3,2,1},
    {7,6,5,4,3,5,4,3,2,3,2,3,2,1,0},
    {5,7,6,5,4,3,4,3,2,3,2,1,1,0},
    {3,7,5,4,6,5,4,3,3,2,2,1,0},
    {5,4,3,7,6,5,4,3,2,1,1,0},
    {1,1,7,6,5,4,3,2,1,1,0},
    {1,1,5,4,3,3,2,1,1,0},
    {1,1,1,3,3,2,2,1,0},
    {1,0,1,3,2,1,1,1},
    {1,0,1,3,2,1,1},
    {0,1,1,2,1,3},
    {0,1,1,1,1},
    {0,1,1,1},
    {0,1,1},
    {0,1},
};

static const uint8_t chroma_dc_total_zeros_len[3][4]= {
    { 1, 2, 3, 3,},
    { 1, 2, 2, 0,},
    { 1, 1, 0, 0,}, 
};

static const uint8_t chroma_dc_total_zeros_bits[3][4]= {
    { 1, 1, 1, 0,},
    { 1, 1, 0, 0,},
    { 1, 0, 0, 0,},
};

static const uint8_t run_len[7][16]={
    {1,1},
    {1,2,2},
    {2,2,2,2},
    {2,2,2,3,3},
    {2,2,3,3,3,3},
    {2,3,3,3,3,3,3},
    {3,3,3,3,3,3,3,4,5,6,7,8,9,10,11},
};

static const uint8_t run_bits[7][16]={
    {1,0},
    {1,1,0},
    {3,2,1,0},
    {3,2,1,1,0},
    {3,2,3,2,1,0},
    {3,0,1,3,2,5,4},
    {7,6,5,4,3,2,1,1,1,1,1,1,1,1,1},
};

/*
o-o o-o
 / / /
o-o o-o
 ,---'
o-o o-o
 / / /
o-o o-o
*/

static const uint8_t scan8[16 + 2*4]={
 4+1*8, 5+1*8, 4+2*8, 5+2*8,
 6+1*8, 7+1*8, 6+2*8, 7+2*8,
 4+3*8, 5+3*8, 4+4*8, 5+4*8,
 6+3*8, 7+3*8, 6+4*8, 7+4*8,
 1+1*8, 2+1*8,
 1+2*8, 2+2*8,
 1+4*8, 2+4*8,
 1+5*8, 2+5*8,
};

static const uint8_t zigzag_scan[16]={
 0+0*4, 1+0*4, 0+1*4, 0+2*4, 
 1+1*4, 2+0*4, 3+0*4, 2+1*4, 
 1+2*4, 0+3*4, 1+3*4, 2+2*4, 
 3+1*4, 3+2*4, 2+3*4, 3+3*4, 
};

static const uint8_t field_scan[16]={
 0+0*4, 0+1*4, 1+0*4, 0+2*4, 
 0+3*4, 1+1*4, 1+2*4, 1+3*4,
 2+0*4, 2+1*4, 2+2*4, 2+3*4, 
 3+0*4, 3+1*4, 3+2*4, 3+3*4,
};

static const uint8_t luma_dc_zigzag_scan[16]={
 0*16 + 0*64, 1*16 + 0*64, 2*16 + 0*64, 0*16 + 2*64,
 3*16 + 0*64, 0*16 + 1*64, 1*16 + 1*64, 2*16 + 1*64,
 1*16 + 2*64, 2*16 + 2*64, 3*16 + 2*64, 0*16 + 3*64,
 3*16 + 1*64, 1*16 + 3*64, 2*16 + 3*64, 3*16 + 3*64,
};

static const uint8_t luma_dc_field_scan[16]={
 0*16 + 0*64, 2*16 + 0*64, 1*16 + 0*64, 0*16 + 2*64, 
 2*16 + 2*64, 3*16 + 0*64, 1*16 + 2*64, 3*16 + 2*64, 
 0*16 + 1*64, 2*16 + 1*64, 0*16 + 3*64, 2*16 + 3*64, 
 1*16 + 1*64, 3*16 + 1*64, 1*16 + 3*64, 3*16 + 3*64,
};

static const uint8_t chroma_dc_scan[4]={
 (0+0*2)*16, (1+0*2)*16, 
 (0+1*2)*16, (1+1*2)*16,  //FIXME
};

static const uint8_t zigzag_scan8x8[64]={
 0+0*8, 1+0*8, 0+1*8, 0+2*8,
 1+1*8, 2+0*8, 3+0*8, 2+1*8,
 1+2*8, 0+3*8, 0+4*8, 1+3*8,
 2+2*8, 3+1*8, 4+0*8, 5+0*8,
 4+1*8, 3+2*8, 2+3*8, 1+4*8,
 0+5*8, 0+6*8, 1+5*8, 2+4*8,
 3+3*8, 4+2*8, 5+1*8, 6+0*8,
 7+0*8, 6+1*8, 5+2*8, 4+3*8,
 3+4*8, 2+5*8, 1+6*8, 0+7*8,
 1+7*8, 2+6*8, 3+5*8, 4+4*8,
 5+3*8, 6+2*8, 7+1*8, 7+2*8,
 6+3*8, 5+4*8, 4+5*8, 3+6*8,
 2+7*8, 3+7*8, 4+6*8, 5+5*8,
 6+4*8, 7+3*8, 7+4*8, 6+5*8,
 5+6*8, 4+7*8, 5+7*8, 6+6*8,
 7+5*8, 7+6*8, 6+7*8, 7+7*8,
};

// zigzag_scan8x8_cavlc[i] = zigzag_scan8x8[(i/4) + 16*(i%4)]
static const uint8_t zigzag_scan8x8_cavlc[64]={
 0+0*8, 1+1*8, 1+2*8, 2+2*8,
 4+1*8, 0+5*8, 3+3*8, 7+0*8,
 3+4*8, 1+7*8, 5+3*8, 6+3*8,
 2+7*8, 6+4*8, 5+6*8, 7+5*8,
 1+0*8, 2+0*8, 0+3*8, 3+1*8,
 3+2*8, 0+6*8, 4+2*8, 6+1*8,
 2+5*8, 2+6*8, 6+2*8, 5+4*8,
 3+7*8, 7+3*8, 4+7*8, 7+6*8,
 0+1*8, 3+0*8, 0+4*8, 4+0*8,
 2+3*8, 1+5*8, 5+1*8, 5+2*8,
 1+6*8, 3+5*8, 7+1*8, 4+5*8,
 4+6*8, 7+4*8, 5+7*8, 6+7*8,
 0+2*8, 2+1*8, 1+3*8, 5+0*8,
 1+4*8, 2+4*8, 6+0*8, 4+3*8,
 0+7*8, 4+4*8, 7+2*8, 3+6*8,
 5+5*8, 6+5*8, 6+6*8, 7+7*8,
};

#define MB_TYPE_REF0       MB_TYPE_ACPRED //dirty but it fits in 16bit
#define MB_TYPE_8x8DCT     0x01000000
#define IS_REF0(a)       ((a)&MB_TYPE_REF0)
#define IS_8x8DCT(a)     ((a)&MB_TYPE_8x8DCT)


typedef struct IMbInfo{
    uint16_t type;
    uint8_t pred_mode;
    uint8_t cbp;
} IMbInfo;

static const IMbInfo i_mb_type_info[26]={
{MB_TYPE_INTRA4x4  , -1, -1},
{MB_TYPE_INTRA16x16,  2,  0},
{MB_TYPE_INTRA16x16,  1,  0},
{MB_TYPE_INTRA16x16,  0,  0},
{MB_TYPE_INTRA16x16,  3,  0},
{MB_TYPE_INTRA16x16,  2,  16},
{MB_TYPE_INTRA16x16,  1,  16},
{MB_TYPE_INTRA16x16,  0,  16},
{MB_TYPE_INTRA16x16,  3,  16},
{MB_TYPE_INTRA16x16,  2,  32},
{MB_TYPE_INTRA16x16,  1,  32},
{MB_TYPE_INTRA16x16,  0,  32},
{MB_TYPE_INTRA16x16,  3,  32},
{MB_TYPE_INTRA16x16,  2,  15+0},
{MB_TYPE_INTRA16x16,  1,  15+0},
{MB_TYPE_INTRA16x16,  0,  15+0},
{MB_TYPE_INTRA16x16,  3,  15+0},
{MB_TYPE_INTRA16x16,  2,  15+16},
{MB_TYPE_INTRA16x16,  1,  15+16},
{MB_TYPE_INTRA16x16,  0,  15+16},
{MB_TYPE_INTRA16x16,  3,  15+16},
{MB_TYPE_INTRA16x16,  2,  15+32},
{MB_TYPE_INTRA16x16,  1,  15+32},
{MB_TYPE_INTRA16x16,  0,  15+32},
{MB_TYPE_INTRA16x16,  3,  15+32},
{MB_TYPE_INTRA_PCM , -1, -1},
};

typedef struct PMbInfo{
    uint16_t type;
    uint8_t partition_count;
} PMbInfo;

static const PMbInfo p_mb_type_info[5]={
{MB_TYPE_16x16|MB_TYPE_P0L0             , 1},
{MB_TYPE_16x8 |MB_TYPE_P0L0|MB_TYPE_P1L0, 2},
{MB_TYPE_8x16 |MB_TYPE_P0L0|MB_TYPE_P1L0, 2},
{MB_TYPE_8x8  |MB_TYPE_P0L0|MB_TYPE_P1L0, 4},
{MB_TYPE_8x8  |MB_TYPE_P0L0|MB_TYPE_P1L0|MB_TYPE_REF0, 4},
};

static const PMbInfo p_sub_mb_type_info[4]={
{MB_TYPE_16x16|MB_TYPE_P0L0             , 1},
{MB_TYPE_16x8 |MB_TYPE_P0L0             , 2},
{MB_TYPE_8x16 |MB_TYPE_P0L0             , 2},
{MB_TYPE_8x8  |MB_TYPE_P0L0             , 4},
};

static const PMbInfo b_mb_type_info[23]={
{MB_TYPE_DIRECT2                                                   , 1, },
{MB_TYPE_16x16|MB_TYPE_P0L0                                       , 1, },
{MB_TYPE_16x16             |MB_TYPE_P0L1                          , 1, },
{MB_TYPE_16x16|MB_TYPE_P0L0|MB_TYPE_P0L1                          , 1, },
{MB_TYPE_16x8 |MB_TYPE_P0L0             |MB_TYPE_P1L0             , 2, },
{MB_TYPE_8x16 |MB_TYPE_P0L0             |MB_TYPE_P1L0             , 2, },
{MB_TYPE_16x8              |MB_TYPE_P0L1             |MB_TYPE_P1L1, 2, },
{MB_TYPE_8x16              |MB_TYPE_P0L1             |MB_TYPE_P1L1, 2, },
{MB_TYPE_16x8 |MB_TYPE_P0L0                          |MB_TYPE_P1L1, 2, },
{MB_TYPE_8x16 |MB_TYPE_P0L0                          |MB_TYPE_P1L1, 2, },
{MB_TYPE_16x8              |MB_TYPE_P0L1|MB_TYPE_P1L0             , 2, },
{MB_TYPE_8x16              |MB_TYPE_P0L1|MB_TYPE_P1L0             , 2, },
{MB_TYPE_16x8 |MB_TYPE_P0L0             |MB_TYPE_P1L0|MB_TYPE_P1L1, 2, },
{MB_TYPE_8x16 |MB_TYPE_P0L0             |MB_TYPE_P1L0|MB_TYPE_P1L1, 2, },
{MB_TYPE_16x8              |MB_TYPE_P0L1|MB_TYPE_P1L0|MB_TYPE_P1L1, 2, },
{MB_TYPE_8x16              |MB_TYPE_P0L1|MB_TYPE_P1L0|MB_TYPE_P1L1, 2, },
{MB_TYPE_16x8 |MB_TYPE_P0L0|MB_TYPE_P0L1|MB_TYPE_P1L0             , 2, },
{MB_TYPE_8x16 |MB_TYPE_P0L0|MB_TYPE_P0L1|MB_TYPE_P1L0             , 2, },
{MB_TYPE_16x8 |MB_TYPE_P0L0|MB_TYPE_P0L1             |MB_TYPE_P1L1, 2, },
{MB_TYPE_8x16 |MB_TYPE_P0L0|MB_TYPE_P0L1             |MB_TYPE_P1L1, 2, },
{MB_TYPE_16x8 |MB_TYPE_P0L0|MB_TYPE_P0L1|MB_TYPE_P1L0|MB_TYPE_P1L1, 2, },
{MB_TYPE_8x16 |MB_TYPE_P0L0|MB_TYPE_P0L1|MB_TYPE_P1L0|MB_TYPE_P1L1, 2, },
{MB_TYPE_8x8  |MB_TYPE_P0L0|MB_TYPE_P0L1|MB_TYPE_P1L0|MB_TYPE_P1L1, 4, },
};

static const PMbInfo b_sub_mb_type_info[13]={
{MB_TYPE_DIRECT2                                                   , 1, },
{MB_TYPE_16x16|MB_TYPE_P0L0                                       , 1, },
{MB_TYPE_16x16             |MB_TYPE_P0L1                          , 1, },
{MB_TYPE_16x16|MB_TYPE_P0L0|MB_TYPE_P0L1                          , 1, },
{MB_TYPE_16x8 |MB_TYPE_P0L0             |MB_TYPE_P1L0             , 2, },
{MB_TYPE_8x16 |MB_TYPE_P0L0             |MB_TYPE_P1L0             , 2, },
{MB_TYPE_16x8              |MB_TYPE_P0L1             |MB_TYPE_P1L1, 2, },
{MB_TYPE_8x16              |MB_TYPE_P0L1             |MB_TYPE_P1L1, 2, },
{MB_TYPE_16x8 |MB_TYPE_P0L0|MB_TYPE_P0L1|MB_TYPE_P1L0|MB_TYPE_P1L1, 2, },
{MB_TYPE_8x16 |MB_TYPE_P0L0|MB_TYPE_P0L1|MB_TYPE_P1L0|MB_TYPE_P1L1, 2, },
{MB_TYPE_8x8  |MB_TYPE_P0L0             |MB_TYPE_P1L0             , 4, },
{MB_TYPE_8x8               |MB_TYPE_P0L1             |MB_TYPE_P1L1, 4, },
{MB_TYPE_8x8  |MB_TYPE_P0L0|MB_TYPE_P0L1|MB_TYPE_P1L0|MB_TYPE_P1L1, 4, },
};


static const uint8_t rem6[52]={
0, 1, 2, 3, 4, 5, 0, 1, 2, 3, 4, 5, 0, 1, 2, 3, 4, 5, 0, 1, 2, 3, 4, 5, 0, 1, 2, 3, 4, 5, 0, 1, 2, 3, 4, 5, 0, 1, 2, 3, 4, 5, 0, 1, 2, 3, 4, 5, 0, 1, 2, 3, 
};

static const uint8_t div6[52]={
0, 0, 0, 0, 0, 0, 1, 1, 1, 1, 1, 1, 2, 2, 2, 2, 2, 2, 3, 3, 3, 3, 3, 3, 4, 4, 4, 4, 4, 4, 5, 5, 5, 5, 5, 5, 6, 6, 6, 6, 6, 6, 7, 7, 7, 7, 7, 7, 8, 8, 8, 8,
};

static const uint16_t dequant_coeff[52][16]={
{  10,  13,  10,  13,   13,  16,  13,  16,   10,  13,  10,  13,   13,  16,  13,  16, },
{  11,  14,  11,  14,   14,  18,  14,  18,   11,  14,  11,  14,   14,  18,  14,  18, },
{  13,  16,  13,  16,   16,  20,  16,  20,   13,  16,  13,  16,   16,  20,  16,  20, },
{  14,  18,  14,  18,   18,  23,  18,  23,   14,  18,  14,  18,   18,  23,  18,  23, },
{  16,  20,  16,  20,   20,  25,  20,  25,   16,  20,  16,  20,   20,  25,  20,  25, },
{  18,  23,  18,  23,   23,  29,  23,  29,   18,  23,  18,  23,   23,  29,  23,  29, },
{  20,  26,  20,  26,   26,  32,  26,  32,   20,  26,  20,  26,   26,  32,  26,  32, },
{  22,  28,  22,  28,   28,  36,  28,  36,   22,  28,  22,  28,   28,  36,  28,  36, },
{  26,  32,  26,  32,   32,  40,  32,  40,   26,  32,  26,  32,   32,  40,  32,  40, },
{  28,  36,  28,  36,   36,  46,  36,  46,   28,  36,  28,  36,   36,  46,  36,  46, },
{  32,  40,  32,  40,   40,  50,  40,  50,   32,  40,  32,  40,   40,  50,  40,  50, },
{  36,  46,  36,  46,   46,  58,  46,  58,   36,  46,  36,  46,   46,  58,  46,  58, },
{  40,  52,  40,  52,   52,  64,  52,  64,   40,  52,  40,  52,   52,  64,  52,  64, },
{  44,  56,  44,  56,   56,  72,  56,  72,   44,  56,  44,  56,   56,  72,  56,  72, },
{  52,  64,  52,  64,   64,  80,  64,  80,   52,  64,  52,  64,   64,  80,  64,  80, },
{  56,  72,  56,  72,   72,  92,  72,  92,   56,  72,  56,  72,   72,  92,  72,  92, },
{  64,  80,  64,  80,   80, 100,  80, 100,   64,  80,  64,  80,   80, 100,  80, 100, },
{  72,  92,  72,  92,   92, 116,  92, 116,   72,  92,  72,  92,   92, 116,  92, 116, },
{  80, 104,  80, 104,  104, 128, 104, 128,   80, 104,  80, 104,  104, 128, 104, 128, },
{  88, 112,  88, 112,  112, 144, 112, 144,   88, 112,  88, 112,  112, 144, 112, 144, },
{ 104, 128, 104, 128,  128, 160, 128, 160,  104, 128, 104, 128,  128, 160, 128, 160, },
{ 112, 144, 112, 144,  144, 184, 144, 184,  112, 144, 112, 144,  144, 184, 144, 184, },
{ 128, 160, 128, 160,  160, 200, 160, 200,  128, 160, 128, 160,  160, 200, 160, 200, },
{ 144, 184, 144, 184,  184, 232, 184, 232,  144, 184, 144, 184,  184, 232, 184, 232, },
{ 160, 208, 160, 208,  208, 256, 208, 256,  160, 208, 160, 208,  208, 256, 208, 256, },
{ 176, 224, 176, 224,  224, 288, 224, 288,  176, 224, 176, 224,  224, 288, 224, 288, },
{ 208, 256, 208, 256,  256, 320, 256, 320,  208, 256, 208, 256,  256, 320, 256, 320, },
{ 224, 288, 224, 288,  288, 368, 288, 368,  224, 288, 224, 288,  288, 368, 288, 368, },
{ 256, 320, 256, 320,  320, 400, 320, 400,  256, 320, 256, 320,  320, 400, 320, 400, },
{ 288, 368, 288, 368,  368, 464, 368, 464,  288, 368, 288, 368,  368, 464, 368, 464, },
{ 320, 416, 320, 416,  416, 512, 416, 512,  320, 416, 320, 416,  416, 512, 416, 512, },
{ 352, 448, 352, 448,  448, 576, 448, 576,  352, 448, 352, 448,  448, 576, 448, 576, },
{ 416, 512, 416, 512,  512, 640, 512, 640,  416, 512, 416, 512,  512, 640, 512, 640, },
{ 448, 576, 448, 576,  576, 736, 576, 736,  448, 576, 448, 576,  576, 736, 576, 736, },
{ 512, 640, 512, 640,  640, 800, 640, 800,  512, 640, 512, 640,  640, 800, 640, 800, },
{ 576, 736, 576, 736,  736, 928, 736, 928,  576, 736, 576, 736,  736, 928, 736, 928, },
{ 640, 832, 640, 832,  832,1024, 832,1024,  640, 832, 640, 832,  832,1024, 832,1024, },
{ 704, 896, 704, 896,  896,1152, 896,1152,  704, 896, 704, 896,  896,1152, 896,1152, },
{ 832,1024, 832,1024, 1024,1280,1024,1280,  832,1024, 832,1024, 1024,1280,1024,1280, },
{ 896,1152, 896,1152, 1152,1472,1152,1472,  896,1152, 896,1152, 1152,1472,1152,1472, },
{1024,1280,1024,1280, 1280,1600,1280,1600, 1024,1280,1024,1280, 1280,1600,1280,1600, },
{1152,1472,1152,1472, 1472,1856,1472,1856, 1152,1472,1152,1472, 1472,1856,1472,1856, },
{1280,1664,1280,1664, 1664,2048,1664,2048, 1280,1664,1280,1664, 1664,2048,1664,2048, },
{1408,1792,1408,1792, 1792,2304,1792,2304, 1408,1792,1408,1792, 1792,2304,1792,2304, },
{1664,2048,1664,2048, 2048,2560,2048,2560, 1664,2048,1664,2048, 2048,2560,2048,2560, },
{1792,2304,1792,2304, 2304,2944,2304,2944, 1792,2304,1792,2304, 2304,2944,2304,2944, },
{2048,2560,2048,2560, 2560,3200,2560,3200, 2048,2560,2048,2560, 2560,3200,2560,3200, },
{2304,2944,2304,2944, 2944,3712,2944,3712, 2304,2944,2304,2944, 2944,3712,2944,3712, },
{2560,3328,2560,3328, 3328,4096,3328,4096, 2560,3328,2560,3328, 3328,4096,3328,4096, },
{2816,3584,2816,3584, 3584,4608,3584,4608, 2816,3584,2816,3584, 3584,4608,3584,4608, },
{3328,4096,3328,4096, 4096,5120,4096,5120, 3328,4096,3328,4096, 4096,5120,4096,5120, },
{3584,4608,3584,4608, 4608,5888,4608,5888, 3584,4608,3584,4608, 4608,5888,4608,5888, },
//{4096,5120,4096,5120, 5120,6400,5120,6400, 4096,5120,4096,5120, 5120,6400,5120,6400, },
//{4608,5888,4608,5888, 5888,7424,5888,7424, 4608,5888,4608,5888, 5888,7424,5888,7424, },
};

static const int dequant8_coeff_init_scan[16] = {
  0,3,4,3, 3,1,5,1, 4,5,2,5, 3,1,5,1
};
static const int dequant8_coeff_init[6][6]={
  {20,18,32,19,25,24},
  {22,19,35,21,28,26},
  {26,23,42,24,33,31},
  {28,25,45,26,35,33},
  {32,28,51,30,40,38},
  {36,32,58,34,46,43},
};

#define QUANT_SHIFT 22

static const int quant_coeff[52][16]={
    { 419430,258111,419430,258111,258111,167772,258111,167772,419430,258111,419430,258111,258111,167772,258111,167772,},
    { 381300,239675,381300,239675,239675,149131,239675,149131,381300,239675,381300,239675,239675,149131,239675,149131,},
    { 322639,209715,322639,209715,209715,134218,209715,134218,322639,209715,322639,209715,209715,134218,209715,134218,},
    { 299593,186414,299593,186414,186414,116711,186414,116711,299593,186414,299593,186414,186414,116711,186414,116711,},
    { 262144,167772,262144,167772,167772,107374,167772,107374,262144,167772,262144,167772,167772,107374,167772,107374,},
    { 233017,145889,233017,145889,145889, 92564,145889, 92564,233017,145889,233017,145889,145889, 92564,145889, 92564,},
    { 209715,129056,209715,129056,129056, 83886,129056, 83886,209715,129056,209715,129056,129056, 83886,129056, 83886,},
    { 190650,119837,190650,119837,119837, 74565,119837, 74565,190650,119837,190650,119837,119837, 74565,119837, 74565,},
    { 161319,104858,161319,104858,104858, 67109,104858, 67109,161319,104858,161319,104858,104858, 67109,104858, 67109,},
    { 149797, 93207,149797, 93207, 93207, 58356, 93207, 58356,149797, 93207,149797, 93207, 93207, 58356, 93207, 58356,},
    { 131072, 83886,131072, 83886, 83886, 53687, 83886, 53687,131072, 83886,131072, 83886, 83886, 53687, 83886, 53687,},
    { 116508, 72944,116508, 72944, 72944, 46282, 72944, 46282,116508, 72944,116508, 72944, 72944, 46282, 72944, 46282,},
    { 104858, 64528,104858, 64528, 64528, 41943, 64528, 41943,104858, 64528,104858, 64528, 64528, 41943, 64528, 41943,},
    {  95325, 59919, 95325, 59919, 59919, 37283, 59919, 37283, 95325, 59919, 95325, 59919, 59919, 37283, 59919, 37283,},
    {  80660, 52429, 80660, 52429, 52429, 33554, 52429, 33554, 80660, 52429, 80660, 52429, 52429, 33554, 52429, 33554,},
    {  74898, 46603, 74898, 46603, 46603, 29178, 46603, 29178, 74898, 46603, 74898, 46603, 46603, 29178, 46603, 29178,},
    {  65536, 41943, 65536, 41943, 41943, 26844, 41943, 26844, 65536, 41943, 65536, 41943, 41943, 26844, 41943, 26844,},
    {  58254, 36472, 58254, 36472, 36472, 23141, 36472, 23141, 58254, 36472, 58254, 36472, 36472, 23141, 36472, 23141,},
    {  52429, 32264, 52429, 32264, 32264, 20972, 32264, 20972, 52429, 32264, 52429, 32264, 32264, 20972, 32264, 20972,},
    {  47663, 29959, 47663, 29959, 29959, 18641, 29959, 18641, 47663, 29959, 47663, 29959, 29959, 18641, 29959, 18641,},
    {  40330, 26214, 40330, 26214, 26214, 16777, 26214, 16777, 40330, 26214, 40330, 26214, 26214, 16777, 26214, 16777,},
    {  37449, 23302, 37449, 23302, 23302, 14589, 23302, 14589, 37449, 23302, 37449, 23302, 23302, 14589, 23302, 14589,},
    {  32768, 20972, 32768, 20972, 20972, 13422, 20972, 13422, 32768, 20972, 32768, 20972, 20972, 13422, 20972, 13422,},
    {  29127, 18236, 29127, 18236, 18236, 11570, 18236, 11570, 29127, 18236, 29127, 18236, 18236, 11570, 18236, 11570,},
    {  26214, 16132, 26214, 16132, 16132, 10486, 16132, 10486, 26214, 16132, 26214, 16132, 16132, 10486, 16132, 10486,},
    {  23831, 14980, 23831, 14980, 14980,  9321, 14980,  9321, 23831, 14980, 23831, 14980, 14980,  9321, 14980,  9321,},
    {  20165, 13107, 20165, 13107, 13107,  8389, 13107,  8389, 20165, 13107, 20165, 13107, 13107,  8389, 13107,  8389,},
    {  18725, 11651, 18725, 11651, 11651,  7294, 11651,  7294, 18725, 11651, 18725, 11651, 11651,  7294, 11651,  7294,},
    {  16384, 10486, 16384, 10486, 10486,  6711, 10486,  6711, 16384, 10486, 16384, 10486, 10486,  6711, 10486,  6711,},
    {  14564,  9118, 14564,  9118,  9118,  5785,  9118,  5785, 14564,  9118, 14564,  9118,  9118,  5785,  9118,  5785,},
    {  13107,  8066, 13107,  8066,  8066,  5243,  8066,  5243, 13107,  8066, 13107,  8066,  8066,  5243,  8066,  5243,},
    {  11916,  7490, 11916,  7490,  7490,  4660,  7490,  4660, 11916,  7490, 11916,  7490,  7490,  4660,  7490,  4660,},
    {  10082,  6554, 10082,  6554,  6554,  4194,  6554,  4194, 10082,  6554, 10082,  6554,  6554,  4194,  6554,  4194,},
    {   9362,  5825,  9362,  5825,  5825,  3647,  5825,  3647,  9362,  5825,  9362,  5825,  5825,  3647,  5825,  3647,},
    {   8192,  5243,  8192,  5243,  5243,  3355,  5243,  3355,  8192,  5243,  8192,  5243,  5243,  3355,  5243,  3355,},
    {   7282,  4559,  7282,  4559,  4559,  2893,  4559,  2893,  7282,  4559,  7282,  4559,  4559,  2893,  4559,  2893,},
    {   6554,  4033,  6554,  4033,  4033,  2621,  4033,  2621,  6554,  4033,  6554,  4033,  4033,  2621,  4033,  2621,},
    {   5958,  3745,  5958,  3745,  3745,  2330,  3745,  2330,  5958,  3745,  5958,  3745,  3745,  2330,  3745,  2330,},
    {   5041,  3277,  5041,  3277,  3277,  2097,  3277,  2097,  5041,  3277,  5041,  3277,  3277,  2097,  3277,  2097,},
    {   4681,  2913,  4681,  2913,  2913,  1824,  2913,  1824,  4681,  2913,  4681,  2913,  2913,  1824,  2913,  1824,},
    {   4096,  2621,  4096,  2621,  2621,  1678,  2621,  1678,  4096,  2621,  4096,  2621,  2621,  1678,  2621,  1678,},
    {   3641,  2280,  3641,  2280,  2280,  1446,  2280,  1446,  3641,  2280,  3641,  2280,  2280,  1446,  2280,  1446,},
    {   3277,  2016,  3277,  2016,  2016,  1311,  2016,  1311,  3277,  2016,  3277,  2016,  2016,  1311,  2016,  1311,},
    {   2979,  1872,  2979,  1872,  1872,  1165,  1872,  1165,  2979,  1872,  2979,  1872,  1872,  1165,  1872,  1165,},
    {   2521,  1638,  2521,  1638,  1638,  1049,  1638,  1049,  2521,  1638,  2521,  1638,  1638,  1049,  1638,  1049,},
    {   2341,  1456,  2341,  1456,  1456,   912,  1456,   912,  2341,  1456,  2341,  1456,  1456,   912,  1456,   912,},
    {   2048,  1311,  2048,  1311,  1311,   839,  1311,   839,  2048,  1311,  2048,  1311,  1311,   839,  1311,   839,},
    {   1820,  1140,  1820,  1140,  1140,   723,  1140,   723,  1820,  1140,  1820,  1140,  1140,   723,  1140,   723,},
    {   1638,  1008,  1638,  1008,  1008,   655,  1008,   655,  1638,  1008,  1638,  1008,  1008,   655,  1008,   655,},
    {   1489,   936,  1489,   936,   936,   583,   936,   583,  1489,   936,  1489,   936,   936,   583,   936,   583,},
    {   1260,   819,  1260,   819,   819,   524,   819,   524,  1260,   819,  1260,   819,   819,   524,   819,   524,},
    {   1170,   728,  1170,   728,   728,   456,   728,   456,  1170,   728,  1170,   728,   728,   456,   728,   456,},
};


/* Deblocking filter (p153) */
static const int alpha_table[52] = {
     0,  0,  0,  0,  0,  0,  0,  0,  0,  0,
     0,  0,  0,  0,  0,  0,  4,  4,  5,  6,
     7,  8,  9, 10, 12, 13, 15, 17, 20, 22,
    25, 28, 32, 36, 40, 45, 50, 56, 63, 71,
    80, 90,101,113,127,144,162,182,203,226,
    255, 255
};
static const int beta_table[52] = {
     0,  0,  0,  0,  0,  0,  0,  0,  0,  0,
     0,  0,  0,  0,  0,  0,  2,  2,  2,  3,
     3,  3,  3,  4,  4,  4,  6,  6,  7,  7,
     8,  8,  9,  9, 10, 10, 11, 11, 12, 12,
    13, 13, 14, 14, 15, 15, 16, 16, 17, 17,
    18, 18
};
static const int tc0_table[52][3] = {
    { 0, 0, 0 }, { 0, 0, 0 }, { 0, 0, 0 }, { 0, 0, 0 }, { 0, 0, 0 }, { 0, 0, 0 },
    { 0, 0, 0 }, { 0, 0, 0 }, { 0, 0, 0 }, { 0, 0, 0 }, { 0, 0, 0 }, { 0, 0, 0 },
    { 0, 0, 0 }, { 0, 0, 0 }, { 0, 0, 0 }, { 0, 0, 0 }, { 0, 0, 0 }, { 0, 0, 1 },
    { 0, 0, 1 }, { 0, 0, 1 }, { 0, 0, 1 }, { 0, 1, 1 }, { 0, 1, 1 }, { 1, 1, 1 },
    { 1, 1, 1 }, { 1, 1, 1 }, { 1, 1, 1 }, { 1, 1, 2 }, { 1, 1, 2 }, { 1, 1, 2 },
    { 1, 1, 2 }, { 1, 2, 3 }, { 1, 2, 3 }, { 2, 2, 3 }, { 2, 2, 4 }, { 2, 3, 4 },
    { 2, 3, 4 }, { 3, 3, 5 }, { 3, 4, 6 }, { 3, 4, 6 }, { 4, 5, 7 }, { 4, 5, 8 },
    { 4, 6, 9 }, { 5, 7,10 }, { 6, 8,11 }, { 6, 8,13 }, { 7,10,14 }, { 8,11,16 },
    { 9,12,18 }, {10,13,20 }, {11,15,23 }, {13,17,25 }
};

/* Cabac pre state table */

static const int cabac_context_init_I[460][2] =
{
    /* 0 - 10 */
    { 20, -15 }, {  2, 54 },  {  3,  74 }, { 20, -15 },
    {  2,  54 }, {  3, 74 },  { -28,127 }, { -23, 104 },
    { -6,  53 }, { -1, 54 },  {  7,  51 },

    /* 11 - 23 unsused for I */
    { 0, 0 },    { 0, 0 },    { 0, 0 },      { 0, 0 },
    { 0, 0 },    { 0, 0 },    { 0, 0 },      { 0, 0 },
    { 0, 0 },    { 0, 0 },    { 0, 0 },      { 0, 0 },
    { 0, 0 },

    /* 24- 39 */
    { 0, 0 },    { 0, 0 },    { 0, 0 },      { 0, 0 },
    { 0, 0 },    { 0, 0 },    { 0, 0 },      { 0, 0 },
    { 0, 0 },    { 0, 0 },    { 0, 0 },      { 0, 0 },
    { 0, 0 },    { 0, 0 },    { 0, 0 },      { 0, 0 },

    /* 40 - 53 */
    { 0, 0 },    { 0, 0 },    { 0, 0 },      { 0, 0 },
    { 0, 0 },    { 0, 0 },    { 0, 0 },      { 0, 0 },
    { 0, 0 },    { 0, 0 },    { 0, 0 },      { 0, 0 },
    { 0, 0 },    { 0, 0 },

    /* 54 - 59 */
    { 0, 0 },    { 0, 0 },    { 0, 0 },      { 0, 0 },
    { 0, 0 },    { 0, 0 },

    /* 60 - 69 */
    { 0, 41 },   { 0, 63 },   { 0, 63 },     { 0, 63 },
    { -9, 83 },  { 4, 86 },   { 0, 97 },     { -7, 72 },
    { 13, 41 },  { 3, 62 },

    /* 70 -> 87 */
    { 0, 11 },   { 1, 55 },   { 0, 69 },     { -17, 127 },
    { -13, 102 },{ 0, 82 },   { -7, 74 },    { -21, 107 },
    { -27, 127 },{ -31, 127 },{ -24, 127 },  { -18, 95 },
    { -27, 127 },{ -21, 114 },{ -30, 127 },  { -17, 123 },
    { -12, 115 },{ -16, 122 },

    /* 88 -> 104 */
    { -11, 115 },{ -12, 63 }, { -2, 68 },    { -15, 84 },
    { -13, 104 },{ -3, 70 },  { -8, 93 },    { -10, 90 },
    { -30, 127 },{ -1, 74 },  { -6, 97 },    { -7, 91 },
    { -20, 127 },{ -4, 56 },  { -5, 82 },    { -7, 76 },
    { -22, 125 },

    /* 105 -> 135 */
    { -7, 93 },  { -11, 87 }, { -3, 77 },    { -5, 71 },
    { -4, 63 },  { -4, 68 },  { -12, 84 },   { -7, 62 },
    { -7, 65 },  { 8, 61 },   { 5, 56 },     { -2, 66 },
    { 1, 64 },   { 0, 61 },   { -2, 78 },    { 1, 50 },
    { 7, 52 },   { 10, 35 },  { 0, 44 },     { 11, 38 },
    { 1, 45 },   { 0, 46 },   { 5, 44 },     { 31, 17 },
    { 1, 51 },   { 7, 50 },   { 28, 19 },    { 16, 33 },
    { 14, 62 },  { -13, 108 },{ -15, 100 },

    /* 136 -> 165 */
    { -13, 101 },{ -13, 91 }, { -12, 94 },   { -10, 88 },
    { -16, 84 }, { -10, 86 }, { -7, 83 },    { -13, 87 },
    { -19, 94 }, { 1, 70 },   { 0, 72 },     { -5, 74 },
    { 18, 59 },  { -8, 102 }, { -15, 100 },  { 0, 95 },
    { -4, 75 },  { 2, 72 },   { -11, 75 },   { -3, 71 },
    { 15, 46 },  { -13, 69 }, { 0, 62 },     { 0, 65 },
    { 21, 37 },  { -15, 72 }, { 9, 57 },     { 16, 54 },
    { 0, 62 },   { 12, 72 },

    /* 166 -> 196 */
    { 24, 0 },   { 15, 9 },   { 8, 25 },     { 13, 18 },
    { 15, 9 },   { 13, 19 },  { 10, 37 },    { 12, 18 },
    { 6, 29 },   { 20, 33 },  { 15, 30 },    { 4, 45 },
    { 1, 58 },   { 0, 62 },   { 7, 61 },     { 12, 38 },
    { 11, 45 },  { 15, 39 },  { 11, 42 },    { 13, 44 },
    { 16, 45 },  { 12, 41 },  { 10, 49 },    { 30, 34 },
    { 18, 42 },  { 10, 55 },  { 17, 51 },    { 17, 46 },
    { 0, 89 },   { 26, -19 }, { 22, -17 },

    /* 197 -> 226 */
    { 26, -17 }, { 30, -25 }, { 28, -20 },   { 33, -23 },
    { 37, -27 }, { 33, -23 }, { 40, -28 },   { 38, -17 },
    { 33, -11 }, { 40, -15 }, { 41, -6 },    { 38, 1 },
    { 41, 17 },  { 30, -6 },  { 27, 3 },     { 26, 22 },
    { 37, -16 }, { 35, -4 },  { 38, -8 },    { 38, -3 },
    { 37, 3 },   { 38, 5 },   { 42, 0 },     { 35, 16 },
    { 39, 22 },  { 14, 48 },  { 27, 37 },    { 21, 60 },
    { 12, 68 },  { 2, 97 },

    /* 227 -> 251 */
    { -3, 71 },  { -6, 42 },  { -5, 50 },    { -3, 54 },
    { -2, 62 },  { 0, 58 },   { 1, 63 },     { -2, 72 },
    { -1, 74 },  { -9, 91 },  { -5, 67 },    { -5, 27 },
    { -3, 39 },  { -2, 44 },  { 0, 46 },     { -16, 64 },
    { -8, 68 },  { -10, 78 }, { -6, 77 },    { -10, 86 },
    { -12, 92 }, { -15, 55 }, { -10, 60 },   { -6, 62 },
    { -4, 65 },

    /* 252 -> 275 */
    { -12, 73 }, { -8, 76 },  { -7, 80 },    { -9, 88 },
    { -17, 110 },{ -11, 97 }, { -20, 84 },   { -11, 79 },
    { -6, 73 },  { -4, 74 },  { -13, 86 },   { -13, 96 },
    { -11, 97 }, { -19, 117 },{ -8, 78 },    { -5, 33 },
    { -4, 48 },  { -2, 53 },  { -3, 62 },    { -13, 71 },
    { -10, 79 }, { -12, 86 }, { -13, 90 },   { -14, 97 },

    /* 276 a bit special (not used, bypass is used instead) */
    { 0, 0 },

    /* 277 -> 307 */
    { -6, 93 },  { -6, 84 },  { -8, 79 },    { 0, 66 },
    { -1, 71 },  { 0, 62 },   { -2, 60 },    { -2, 59 },
    { -5, 75 },  { -3, 62 },  { -4, 58 },    { -9, 66 },
    { -1, 79 },  { 0, 71 },   { 3, 68 },     { 10, 44 },
    { -7, 62 },  { 15, 36 },  { 14, 40 },    { 16, 27 },
    { 12, 29 },  { 1, 44 },   { 20, 36 },    { 18, 32 },
    { 5, 42 },   { 1, 48 },   { 10, 62 },    { 17, 46 },
    { 9, 64 },   { -12, 104 },{ -11, 97 },

    /* 308 -> 337 */
    { -16, 96 }, { -7, 88 },  { -8, 85 },    { -7, 85 },
    { -9, 85 },  { -13, 88 }, { 4, 66 },     { -3, 77 },
    { -3, 76 },  { -6, 76 },  { 10, 58 },    { -1, 76 },
    { -1, 83 },  { -7, 99 },  { -14, 95 },   { 2, 95 },
    { 0, 76 },   { -5, 74 },  { 0, 70 },     { -11, 75 },
    { 1, 68 },   { 0, 65 },   { -14, 73 },   { 3, 62 },
    { 4, 62 },   { -1, 68 },  { -13, 75 },   { 11, 55 },
    { 5, 64 },   { 12, 70 },

    /* 338 -> 368 */
    { 15, 6 },   { 6, 19 },   { 7, 16 },     { 12, 14 },
    { 18, 13 },  { 13, 11 },  { 13, 15 },    { 15, 16 },
    { 12, 23 },  { 13, 23 },  { 15, 20 },    { 14, 26 },
    { 14, 44 },  { 17, 40 },  { 17, 47 },    { 24, 17 },
    { 21, 21 },  { 25, 22 },  { 31, 27 },    { 22, 29 },
    { 19, 35 },  { 14, 50 },  { 10, 57 },    { 7, 63 },
    { -2, 77 },  { -4, 82 },  { -3, 94 },    { 9, 69 },
    { -12, 109 },{ 36, -35 }, { 36, -34 },

    /* 369 -> 398 */
    { 32, -26 }, { 37, -30 }, { 44, -32 },   { 34, -18 },
    { 34, -15 }, { 40, -15 }, { 33, -7 },    { 35, -5 },
    { 33, 0 },   { 38, 2 },   { 33, 13 },    { 23, 35 },
    { 13, 58 },  { 29, -3 },  { 26, 0 },     { 22, 30 },
    { 31, -7 },  { 35, -15 }, { 34, -3 },    { 34, 3 },
    { 36, -1 },  { 34, 5 },   { 32, 11 },    { 35, 5 },
    { 34, 12 },  { 39, 11 },  { 30, 29 },    { 34, 26 },
    { 29, 39 },  { 19, 66 },

    /* 399 -> 435 */
    {  31,  21 }, {  31,  31 }, {  25,  50 },
    { -17, 120 }, { -20, 112 }, { -18, 114 }, { -11,  85 },
    { -15,  92 }, { -14,  89 }, { -26,  71 }, { -15,  81 },
    { -14,  80 }, {   0,  68 }, { -14,  70 }, { -24,  56 },
    { -23,  68 }, { -24,  50 }, { -11,  74 }, {  23, -13 },
    {  26, -13 }, {  40, -15 }, {  49, -14 }, {  44,   3 },
    {  45,   6 }, {  44,  34 }, {  33,  54 }, {  19,  82 },
    {  -3,  75 }, {  -1,  23 }, {   1,  34 }, {   1,  43 },
    {   0,  54 }, {  -2,  55 }, {   0,  61 }, {   1,  64 },
    {   0,  68 }, {  -9,  92 },

    /* 436 -> 459 */
    { -14, 106 }, { -13,  97 }, { -15,  90 }, { -12,  90 },
    { -18,  88 }, { -10,  73 }, {  -9,  79 }, { -14,  86 },
    { -10,  73 }, { -10,  70 }, { -10,  69 }, {  -5,  66 },
    {  -9,  64 }, {  -5,  58 }, {   2,  59 }, {  21, -10 },
    {  24, -11 }, {  28,  -8 }, {  28,  -1 }, {  29,   3 },
    {  29,   9 }, {  35,  20 }, {  29,  36 }, {  14,  67 }
};

static const int cabac_context_init_PB[3][460][2] =
{
    /* i_cabac_init_idc == 0 */
    {
        /* 0 - 10 */
        {  20, -15 }, {   2,  54 }, {   3,  74 }, {  20, -15 },
        {   2,  54 }, {   3,  74 }, { -28, 127 }, { -23, 104 },
        {  -6,  53 }, {  -1,  54 }, {   7,  51 },

        /* 11 - 23 */
        {  23,  33 }, {  23,   2 }, {  21,   0 }, {   1,   9 },
        {   0,  49 }, { -37, 118 }, {   5,  57 }, { -13,  78 },
        { -11,  65 }, {   1,  62 }, {  12,  49 }, {  -4,  73 },
        {  17,  50 },

        /* 24 - 39 */
        {  18,  64 }, {   9,  43 }, {  29,   0 }, {  26,  67 },
        {  16,  90 }, {   9, 104 }, { -46, 127 }, { -20, 104 },
        {   1,  67 }, { -13,  78 }, { -11,  65 }, {   1,  62 },
        {  -6,  86 }, { -17,  95 }, {  -6,  61 }, {   9,  45 },

        /* 40 - 53 */
        {  -3,  69 }, {  -6,  81 }, { -11,  96 }, {   6,  55 },
        {   7,  67 }, {  -5,  86 }, {   2,  88 }, {   0,  58 },
        {  -3,  76 }, { -10,  94 }, {   5,  54 }, {   4,  69 },
        {  -3,  81 }, {   0,  88 },

        /* 54 - 59 */
        {  -7,  67 }, {  -5,  74 }, {  -4,  74 }, {  -5,  80 },
        {  -7,  72 }, {   1,  58 },

        /* 60 - 69 */
        {   0,  41 }, {   0,  63 }, {   0,  63 }, { 0, 63 },
        {  -9,  83 }, {   4,  86 }, {   0,  97 }, { -7, 72 },
        {  13,  41 }, {   3,  62 },

        /* 70 - 87 */
        {   0,  45 }, {  -4,  78 }, {  -3,  96 }, { -27,  126 },
        { -28,  98 }, { -25, 101 }, { -23,  67 }, { -28,  82 },
        { -20,  94 }, { -16,  83 }, { -22, 110 }, { -21,  91 },
        { -18, 102 }, { -13,  93 }, { -29, 127 }, {  -7,  92 },
        {  -5,  89 }, {  -7,  96 }, { -13, 108 }, {  -3,  46 },
        {  -1,  65 }, {  -1,  57 }, {  -9,  93 }, {  -3,  74 },
        {  -9,  92 }, {  -8,  87 }, { -23, 126 }, {   5,  54 },
        {   6,  60 }, {   6,  59 }, {   6,  69 }, {  -1,  48 },
        {   0,  68 }, {  -4,  69 }, {  -8,  88 },

        /* 105 -> 165 */
        {  -2,  85 }, {  -6,  78 }, {  -1,  75 }, {  -7,  77 },
        {   2,  54 }, {   5,  50 }, {  -3,  68 }, {   1,  50 },
        {   6,  42 }, {  -4,  81 }, {   1,  63 }, {  -4,  70 },
        {   0,  67 }, {   2,  57 }, {  -2,  76 }, {  11,  35 },
        {   4,  64 }, {   1,  61 }, {  11,  35 }, {  18,  25 },
        {  12,  24 }, {  13,  29 }, {  13,  36 }, { -10,  93 },
        {  -7,  73 }, {  -2,  73 }, {  13,  46 }, {   9,  49 },
        {  -7, 100 }, {   9,  53 }, {   2,  53 }, {   5,  53 },
        {  -2,  61 }, {   0,  56 }, {   0,  56 }, { -13,  63 },
        {  -5,  60 }, {  -1,  62 }, {   4,  57 }, {  -6,  69 },
        {   4,  57 }, {  14,  39 }, {   4,  51 }, {  13,  68 },
        {   3,  64 }, {   1,  61 }, {   9,  63 }, {   7,  50 },
        {  16,  39 }, {   5,  44 }, {   4,  52 }, {  11,  48 },
        {  -5,  60 }, {  -1,  59 }, {   0,  59 }, {  22,  33 },
        {   5,  44 }, {  14,  43 }, {  -1,  78 }, {   0,  60 },
        {   9,  69 },

        /* 166 - 226 */
        {  11,  28 }, {   2,  40 }, {   3,  44 }, {   0,  49 },
        {   0,  46 }, {   2,  44 }, {   2,  51 }, {   0,  47 },
        {   4,  39 }, {   2,  62 }, {   6,  46 }, {   0,  54 },
        {   3,  54 }, {   2,  58 }, {   4,  63 }, {   6,  51 },
        {   6,  57 }, {   7,  53 }, {   6,  52 }, {   6,  55 },
        {  11,  45 }, {  14,  36 }, {   8,  53 }, {  -1,  82 },
        {   7,  55 }, {  -3,  78 }, {  15,  46 }, {  22,  31 },
        {  -1,  84 }, {  25,   7 }, {  30,  -7 }, {  28,   3 },
        {  28,   4 }, {  32,   0 }, {  34,  -1 }, {  30,   6 },
        {  30,   6 }, {  32,   9 }, {  31,  19 }, {  26,  27 },
        {  26,  30 }, {  37,  20 }, {  28,  34 }, {  17,  70 },
        {   1,  67 }, {   5,  59 }, {   9,  67 }, {  16,  30 },
        {  18,  32 }, {  18,  35 }, {  22,  29 }, {  24,  31 },
        {  23,  38 }, {  18,  43 }, {  20,  41 }, {  11,  63 },
        {   9,  59 }, {   9,  64 }, {  -1,  94 }, {  -2,  89 },
        {  -9, 108 },

        /* 227 - 275 */
        {  -6,  76 }, {  -2,  44 }, {   0,  45 }, {   0,  52 },
        {  -3,  64 }, {  -2,  59 }, {  -4,  70 }, {  -4,  75 },
        {  -8,  82 }, { -17, 102 }, {  -9,  77 }, {   3,  24 },
        {   0,  42 }, {   0,  48 }, {   0,  55 }, {  -6,  59 },
        {  -7,  71 }, { -12,  83 }, { -11,  87 }, { -30, 119 },
        {   1,  58 }, {  -3,  29 }, {  -1,  36 }, {   1,  38 },
        {   2,  43 }, {  -6,  55 }, {   0,  58 }, {   0,  64 },
        {  -3,  74 }, { -10,  90 }, {   0,  70 }, {  -4,  29 },
        {   5,  31 }, {   7,  42 }, {   1,  59 }, {  -2,  58 },
        {  -3,  72 }, {  -3,  81 }, { -11,  97 }, {   0,  58 },
